0 0 1.64705882353
0 1 0.21568627451
0 2 0.333333333333
0 3 0.117647058824
0 4 0.196078431373
0 5 0.0196078431373
0 6 0.0196078431373
0 8 0.0196078431373
1 0 0.21568627451
1 1 1.94117647059
1 2 0.444444444444
1 3 0.470588235294
1 4 0.647058823529
1 8 0.0588235294118
2 0 0.333333333333
2 1 0.444444444444
2 2 1.74074074074
2 3 0.296296296296
2 4 0.333333333333
2 7 0.037037037037
2 8 0.037037037037
3 0 0.117647058824
3 1 0.470588235294
3 2 0.296296296296
3 3 1.75
3 4 0.6875
3 6 0.0833333333333
3 7 0.0769230769231
4 0 0.196078431373
4 1 0.647058823529
4 2 0.333333333333
4 3 0.6875
4 4 1.6875
4 5 0.0625
4 6 0.125
5 0 0.0196078431373
5 4 0.0625
5 5 1.77777777778
5 7 0.153846153846
6 0 0.0196078431373
6 3 0.0833333333333
6 4 0.125
6 6 1.88888888889
7 2 0.037037037037
7 3 0.0769230769231
7 5 0.153846153846
7 7 2.61538461538
8 0 0.0196078431373
8 1 0.0588235294118
8 2 0.037037037037
8 8 1.66666666667
